255 255 255 255 255 255 255 255 255 255 255 255 255 255 255 255
255 255 255 255 255 255 255  66  66 255 255 255 255 255 255 255
255 255 255 255  55   0   0 255 255   0   0  58 255 255 255 255
255 255 255   0   0 255 255 255 255 255 255   0   0 255 255 255
255 255  53   0 255 255 255 255 255 255 255 255   0  53 255 255
255 255   0 255 255 255 255 255 255 255 255 255 255   0 255 255
255 255   0 255   0 253   0   0   0   0 255   0 255   0 255 255
255  66 255 255 255   0 255   0   0   0 255   0 255 255  66 255
255  66 255 255   0 255   0   0   0   0 255   0 255 255  66 255
255 255   0 255   0   0 223   0   0  25   0   0 255   0 255 255
255 255   0 255 255 255 255 255 255 255 255 255 255   0 255 255
255 255  53   0 255 255 255 255 255 255 255 255   0  53 255 255
255 255 255   0   0 255 255 255 255 255 255   0   0 255 255 255
255 255 255 255  62   0   0 255 255   0   0  62 255 255 255 255
255 255 255 255 255 255 255  66  67 255 255 255 255 255 255 255
255 255 255 255 255 255 255 255 255 255 255 255 255 255 255 255
255 255 255 255 255 255 255 255 255 255 255 255 255 255 255 255
255 255 255 255 255 255 255  66  66 255 255 255 255 255 255 255
255 255 255 255  55   0   0 255 255   0   0  58 255 255 255 255
255 255 255   0   0 255 255 255 255 255 255   0   0 255 255 255
255 255  53   0 255 255 255 255 255 255 255 255   0  53 255 255
255 255   0 255 255 255 255 255 255 255 255 255 255   0 255 255
255 255   0 255   0 253   0   0   0   0 255   0 255   0 255 255
255  66 255 255 255   0 255   0   0   0 255   0 255 255  66 255
255  66 255 255   0 255   0   0   0   0 255   0 255 255  66 255
255 255   0 255   0   0 223   0   0  25   0   0 255   0 255 255
255 255   0 255 255 255 255 255 255 255 255 255 255   0 255 255
255 255  53   0 255 255 255 255 255 255 255 255   0  53 255 255
255 255 255   0   0 255 255 255 255 255 255   0   0 255 255 255
255 255 255 255  62   0   0 255 255   0   0  62 255 255 255 255
255 255 255 255 255 255 255  66  67 255 255 255 255 255 255 255
255 255 255 255 255 255 255 255 255 255 255 255 255 255 255 255
255 255 255 255 255 255 255 255 255 255 255 255 255 255 255 255
255 255 255 255 255 255 255  66  66 255 255 255 255 255 255 255
255 255 255 255  55   0   0 255 255   0   0  58 255 255 255 255
255 255 255   0   0 255 255 255 255 255 255   0   0 255 255 255
255 255  53   0 255 255 255 255 255 255 255 255   0  53 255 255
255 255   0 255 255 255 255 255 255 255 255 255 255   0 255 255
255 255   0 255   0 253   0   0   0   0 255   0 255   0 255 255
255  66 255 255 255   0 255   0   0   0 255   0 255 255  66 255
255  66 255 255   0 255   0   0   0   0 255   0 255 255  66 255
255 255   0 255   0   0 223   0   0  25   0   0 255   0 255 255
255 255   0 255 255 255 255 255 255 255 255 255 255   0 255 255
255 255  53   0 255 255 255 255 255 255 255 255   0  53 255 255
255 255 255   0   0 255 255 255 255 255 255   0   0 255 255 255
255 255 255 255  62   0   0 255 255   0   0  62 255 255 255 255
255 255 255 255 255 255 255  66  67 255 255 255 255 255 255 255
255 255 255 255 255 255 255 255 255 255 255 255 255 255 255 255

255 255 255 255 255 254 250 243 243 250 254 255 255 255 255 255
255 255 255 252 221 157 107  90  90 108 158 221 252 255 255 255
255 255 248 177 105 116 161 186 186 161 116 105 177 248 255 255
255 252 177 107 158 208 214 212 214 219 212 158 107 177 252 255
255 221 105 158 226 180 120 106 105 135 207 228 158 105 221 255
254 158 117 216 248 154  78  68  65  93 191 252 216 116 158 254
250 108 162 238 253 172 104  75  58 104 207 255 238 161 107 250
243  90 186 245 252 160 105  78  57  99 195 255 245 186  89 243
243  90 186 245 252 166  96  67  60 104 197 255 245 186  89 243
250 108 162 238 254 181  94  64  62 114 209 255 238 161 107 250
254 158 117 216 249 157  93  92  87  99 190 252 216 116 158 254
255 221 105 158 227 181 155 188 161 140 204 228 158 105 221 255
255 252 177 107 158 208 225 235 229 219 212 158 107 177 252 255
255 255 248 177 105 116 161 186 186 161 116 105 177 248 255 255
255 255 255 252 221 157 107  90  90 108 158 221 252 255 255 255
255 255 255 255 255 254 250 243 243 250 254 255 255 255 255 255
255 255 255 255 255 254 250 243 243 250 254 255 255 255 255 255
255 255 255 252 221 157 107  90  90 108 158 221 252 255 255 255
255 255 248 177 105 116 161 186 186 161 116 105 177 248 255 255
255 252 177 107 158 208 214 212 214 219 212 158 107 177 252 255
255 221 105 158 226 180 120 106 105 135 207 228 158 105 221 255
254 158 117 216 248 154  78  68  65  93 191 252 216 116 158 254
250 108 162 238 253 172 104  75  58 104 207 255 238 161 107 250
243  90 186 245 252 160 105  78  57  99 195 255 245 186  89 243
243  90 186 245 252 166  96  67  60 104 197 255 245 186  89 243
250 108 162 238 254 181  94  64  62 114 209 255 238 161 107 250
254 158 117 216 249 157  93  92  87  99 190 252 216 116 158 254
255 221 105 158 227 181 155 188 161 140 204 228 158 105 221 255
255 252 177 107 158 208 225 235 229 219 212 158 107 177 252 255
255 255 248 177 105 116 161 186 186 161 116 105 177 248 255 255
255 255 255 252 221 157 107  90  90 108 158 221 252 255 255 255
255 255 255 255 255 254 250 243 243 250 254 255 255 255 255 255
255 255 255 255 255 254 250 243 243 250 254 255 255 255 255 255
255 255 255 252 221 157 107  90  90 108 158 221 252 255 255 255
255 255 248 177 105 116 161 186 186 161 116 105 177 248 255 255
255 252 177 107 158 208 214 212 214 219 212 158 107 177 252 255
255 221 105 158 226 180 120 106 105 135 207 228 158 105 221 255
254 158 117 216 248 154  78  68  65  93 191 252 216 116 158 254
250 108 162 238 253 172 104  75  58 104 207 255 238 161 107 250
243  90 186 245 252 160 105  78  57  99 195 255 245 186  89 243
243  90 186 245 252 166  96  67  60 104 197 255 245 186  89 243
250 108 162 238 254 181  94  64  62 114 209 255 238 161 107 250
254 158 117 216 249 157  93  92  87  99 190 252 216 116 158 254
255 221 105 158 227 181 155 188 161 140 204 228 158 105 221 255
255 252 177 107 158 208 225 235 229 219 212 158 107 177 252 255
255 255 248 177 105 116 161 186 186 161 116 105 177 248 255 255
255 255 255 252 221 157 107  90  90 108 158 221 252 255 255 255
255 255 255 255 255 254 250 243 243 250 254 255 255 255 255 255

255 255 255 255 255 254 250 243 243 250 254 255 255 255 255 255
255 255 255 252 221 158 107  89  89 107 158 221 252 255 255 255
255 255 248 177 105 116 161 186 186 161 116 105 177 248 255 255
255 252 177 107 158 216 238 245 245 238 216 158 107 177 252 255
255 221 105 158 228 252 255 255 255 255 252 228 158 105 221 255
254 158 116 212 207 191 207 195 197 209 190 204 212 116 158 254
250 108 161 219 135  93 104  99 104 114  99 140 219 161 108 250
243  90 186 214 105  65  58  57  60  62  87 161 229 186  90 243
243  90 186 212 106  68  75  78  67  64  92 188 235 186  90 243
250 107 161 214 120  78 104 105  96  94  93 155 225 161 107 250
254 157 116 208 180 154 172 160 166 181 157 181 208 116 157 254
255 221 105 158 226 248 253 252 252 254 249 227 158 105 221 255
255 252 177 107 158 216 238 245 245 238 216 158 107 177 252 255
255 255 248 177 105 117 162 186 186 162 117 105 177 248 255 255
255 255 255 252 221 158 108  90  90 108 158 221 252 255 255 255
255 255 255 255 255 254 250 243 243 250 254 255 255 255 255 255
255 255 255 255 255 254 250 243 243 250 254 255 255 255 255 255
255 255 255 252 221 158 107  89  89 107 158 221 252 255 255 255
255 255 248 177 105 116 161 186 186 161 116 105 177 248 255 255
255 252 177 107 158 216 238 245 245 238 216 158 107 177 252 255
255 221 105 158 228 252 255 255 255 255 252 228 158 105 221 255
254 158 116 212 207 191 207 195 197 209 190 204 212 116 158 254
250 108 161 219 135  93 104  99 104 114  99 140 219 161 108 250
243  90 186 214 105  65  58  57  60  62  87 161 229 186  90 243
243  90 186 212 106  68  75  78  67  64  92 188 235 186  90 243
250 107 161 214 120  78 104 105  96  94  93 155 225 161 107 250
254 157 116 208 180 154 172 160 166 181 157 181 208 116 157 254
255 221 105 158 226 248 253 252 252 254 249 227 158 105 221 255
255 252 177 107 158 216 238 245 245 238 216 158 107 177 252 255
255 255 248 177 105 117 162 186 186 162 117 105 177 248 255 255
255 255 255 252 221 158 108  90  90 108 158 221 252 255 255 255
255 255 255 255 255 254 250 243 243 250 254 255 255 255 255 255
255 255 255 255 255 254 250 243 243 250 254 255 255 255 255 255
255 255 255 252 221 158 107  89  89 107 158 221 252 255 255 255
255 255 248 177 105 116 161 186 186 161 116 105 177 248 255 255
255 252 177 107 158 216 238 245 245 238 216 158 107 177 252 255
255 221 105 158 228 252 255 255 255 255 252 228 158 105 221 255
254 158 116 212 207 191 207 195 197 209 190 204 212 116 158 254
250 108 161 219 135  93 104  99 104 114  99 140 219 161 108 250
243  90 186 214 105  65  58  57  60  62  87 161 229 186  90 243
243  90 186 212 106  68  75  78  67  64  92 188 235 186  90 243
250 107 161 214 120  78 104 105  96  94  93 155 225 161 107 250
254 157 116 208 180 154 172 160 166 181 157 181 208 116 157 254
255 221 105 158 226 248 253 252 252 254 249 227 158 105 221 255
255 252 177 107 158 216 238 245 245 238 216 158 107 177 252 255
255 255 248 177 105 117 162 186 186 162 117 105 177 248 255 255
255 255 255 252 221 158 108  90  90 108 158 221 252 255 255 255
255 255 255 255 255 254 250 243 243 250 254 255 255 255 255 255

255 255 255 255 255 254 250 243 243 250 254 255 255 255 255 255
255 255 255 252 221 158 108  90  90 107 157 221 252 255 255 255
255 255 248 177 105 116 161 186 186 161 116 105 177 248 255 255
255 252 177 107 158 212 219 229 235 225 208 158 107 177 252 255
255 221 105 158 228 204 140 161 188 155 181 227 158 105 221 255
254 158 116 216 252 190  99  87  92  93 157 249 216 117 158 254
250 107 161 238 255 209 114  62  64  94 181 254 238 162 108 250
243  89 186 245 255 197 104  60  67  96 166 252 245 186  90 243
243  89 186 245 255 195  99  57  78 105 160 252 245 186  90 243
250 107 161 238 255 207 104  58  75 104 172 253 238 162 108 250
254 158 116 216 252 191  93  65  68  78 154 248 216 117 158 254
255 221 105 158 228 207 135 105 106 120 180 226 158 105 221 255
255 252 177 107 158 212 219 214 212 214 208 158 107 177 252 255
255 255 248 177 105 116 161 186 186 161 116 105 177 248 255 255
255 255 255 252 221 158 108  90  90 107 157 221 252 255 255 255
255 255 255 255 255 254 250 243 243 250 254 255 255 255 255 255
255 255 255 255 255 254 250 243 243 250 254 255 255 255 255 255
255 255 255 252 221 158 108  90  90 107 157 221 252 255 255 255
255 255 248 177 105 116 161 186 186 161 116 105 177 248 255 255
255 252 177 107 158 212 219 229 235 225 208 158 107 177 252 255
255 221 105 158 228 204 140 161 188 155 181 227 158 105 221 255
254 158 116 216 252 190  99  87  92  93 157 249 216 117 158 254
250 107 161 238 255 209 114  62  64  94 181 254 238 162 108 250
243  89 186 245 255 197 104  60  67  96 166 252 245 186  90 243
243  89 186 245 255 195  99  57  78 105 160 252 245 186  90 243
250 107 161 238 255 207 104  58  75 104 172 253 238 162 108 250
254 158 116 216 252 191  93  65  68  78 154 248 216 117 158 254
255 221 105 158 228 207 135 105 106 120 180 226 158 105 221 255
255 252 177 107 158 212 219 214 212 214 208 158 107 177 252 255
255 255 248 177 105 116 161 186 186 161 116 105 177 248 255 255
255 255 255 252 221 158 108  90  90 107 157 221 252 255 255 255
255 255 255 255 255 254 250 243 243 250 254 255 255 255 255 255
255 255 255 255 255 254 250 243 243 250 254 255 255 255 255 255
255 255 255 252 221 158 108  90  90 107 157 221 252 255 255 255
255 255 248 177 105 116 161 186 186 161 116 105 177 248 255 255
255 252 177 107 158 212 219 229 235 225 208 158 107 177 252 255
255 221 105 158 228 204 140 161 188 155 181 227 158 105 221 255
254 158 116 216 252 190  99  87  92  93 157 249 216 117 158 254
250 107 161 238 255 209 114  62  64  94 181 254 238 162 108 250
243  89 186 245 255 197 104  60  67  96 166 252 245 186  90 243
243  89 186 245 255 195  99  57  78 105 160 252 245 186  90 243
250 107 161 238 255 207 104  58  75 104 172 253 238 162 108 250
254 158 116 216 252 191  93  65  68  78 154 248 216 117 158 254
255 221 105 158 228 207 135 105 106 120 180 226 158 105 221 255
255 252 177 107 158 212 219 214 212 214 208 158 107 177 252 255
255 255 248 177 105 116 161 186 186 161 116 105 177 248 255 255
255 255 255 252 221 158 108  90  90 107 157 221 252 255 255 255
255 255 255 255 255 254 250 243 243 250 254 255 255 255 255 255
